-1.6844,-1.4789,-47.574,166,163,148
-1.6804,-1.4874,-47.504,155,154,143
-1.6794,-1.5008,-47.601,144,144,130
-1.6726,-1.5193,-47.542,175,173,161
-1.6702,-1.4934,-47.655,160,161,147
-1.6597,-1.5586,-47.604,173,172,162
-1.6548,-1.4947,-47.703,167,171,158
-1.644,-1.5457,-47.496,128,129,126
-1.642,-1.5824,-47.667,149,152,148
-1.629,-1.6466,-47.651,172,174,175
-1.6213,-1.6993,-47.573,162,163,160
-1.6207,-1.8835,-47.785,199,204,208
-1.6198,-1.7583,-47.634,149,150,152
-1.6194,-1.5466,-47.745,155,160,154
-1.6174,-1.6466,-47.717,151,157,161
-1.6163,-1.8541,-47.752,197,201,205
-1.6137,-1.8231,-47.646,150,153,153
-1.6124,-1.8406,-47.819,166,186,209
-1.6097,-1.7438,-47.693,165,169,173
-1.6097,-1.8633,-47.809,186,197,211
-1.6081,-1.8317,-47.81,180,194,212
-1.6023,-1.7741,-47.784,191,200,209
-1.6006,-1.908,-47.764,194,200,202
-1.597,-1.9183,-47.697,170,177,175
-1.5956,-1.9049,-47.629,129,137,138
-1.5939,-1.7037,-47.772,185,191,195
-1.592,-1.8478,-47.81,184,195,207
-1.5858,-1.8552,-47.577,127,131,129
-1.5853,-1.6317,-47.795,175,181,185
-1.5832,-1.7639,-47.838,166,184,206
-1.5785,-1.6908,-47.826,181,191,203
-1.5781,-1.5593,-47.84,178,184,184
-1.5696,-1.9287,-47.596,127,134,133
-1.5597,-1.682,-47.471,73,78,80
-1.5556,-1.9821,-47.718,167,181,190
-1.5534,-1.8877,-47.538,87,93,95
-1.5521,-1.915,-47.561,110,116,117
-1.5454,-1.8286,-47.518,84,90,95
-1.5441,-1.9885,-47.654,134,148,155
-1.5272,-1.8824,-47.78,192,202,207
-1.5123,-1.6094,-47.381,52,57,56
-1.5119,-1.9879,-47.592,118,124,127
-1.4938,-1.9324,-47.534,75,84,87
-1.4911,-1.8897,-47.501,56,64,71
-1.4748,-1.8409,-47.474,42,49,58
-1.472,-2.0325,-47.604,121,127,127
-1.4675,-1.7574,-47.436,33,42,47
-1.4648,-2.0815,-47.636,139,151,159
-1.4623,-2.1158,-47.684,141,167,191
-1.4491,-2.1085,-47.621,157,180,202
-1.4458,-1.6917,-47.383,35,42,44
-1.4433,-1.8364,-47.459,32,42,50
-1.4411,-1.9077,-47.489,42,51,60
-1.4387,-2.1791,-47.695,131,168,207
-1.4369,-2.1429,-47.676,158,182,206
-1.435,-2.0482,-47.575,108,122,130
-1.4243,-2.178,-47.69,144,177,210
-1.424,-1.8638,-47.461,33,43,52
-1.4229,-2.1938,-47.688,139,173,207
-1.4199,-2.1654,-47.684,165,191,219
-1.4191,-1.8328,-47.451,32,41,50
-1.4186,-2.1621,-47.672,161,183,204
-1.4054,-2.1538,-47.634,132,153,171
-1.4035,-1.7755,-47.416,31,38,44
-1.4032,-1.9776,-47.508,68,82,94
-1.3992,-2.2261,-47.677,136,168,201
-1.3949,-2.2442,-47.669,142,174,207
-1.3892,-1.6982,-47.332,62,66,68
-1.3824,-2.2794,-47.658,140,173,206
-1.3803,-2.267,-47.662,136,169,202
-1.3766,-1.8748,-47.444,41,49,59
-1.3763,-2.2061,-47.573,134,168,203
-1.3748,-2.2146,-47.612,127,162,196
-1.3712,-2.1304,-47.552,124,156,190
-1.3686,-2.0492,-47.512,114,137,161
-1.3575,-1.7746,-47.386,41,48,54
-1.3563,-2.1381,-47.478,121,160,202
-1.3415,-1.9764,-47.436,95,104,118
-1.3401,-2.0537,-47.419,120,145,175
-1.3197,-1.8884,-47.369,87,91,94
-1.3184,-1.7944,-47.349,77,84,86
-1.4493,-1.6005,-47.275,93,94,92
-1.4422,-1.5091,-47.08,189,185,174
-1.4272,-1.5721,-46.197,201,197,189
-1.4222,-1.5201,-46.257,207,205,196
-1.4213,-1.5835,-46.236,207,205,196
-1.42,-1.5317,-46.324,205,203,194
-1.4183,-1.4809,-46.268,218,217,212
-1.4056,-1.5253,-46.715,184,181,172
-1.4034,-1.6038,-46.446,202,201,196
-1.3924,-1.5895,-46.963,169,166,158
-1.374,-1.6433,-47.153,166,168,161
-1.3718,-1.6751,-46.707,175,170,162
-1.3577,-1.7695,-46.794,130,128,127
-1.3518,-1.6775,-46.948,158,155,148
-1.3503,-1.7369,-46.822,134,128,119
-1.3496,-1.9533,-47.166,125,139,157
-1.3458,-1.6683,-47.08,206,208,204
-1.3327,-1.8031,-46.96,103,103,103
-1.3321,-1.7245,-47.295,109,114,111
-1.3232,-1.8695,-47.055,143,149,153
-1.3212,-1.7464,-47.035,152,152,149
-1.3208,-1.7093,-47.149,201,203,200
-1.3166,-1.9358,-47.302,119,125,129
-1.3163,-1.834,-47.021,127,128,127
-1.3129,-1.8598,-47.128,171,174,174
-1.3119,-1.7996,-47.046,143,143,142
-1.3106,-1.7491,-47.324,96,99,95
-1.3061,-1.7512,-47.276,150,151,147
-1.3034,-1.7347,-47.17,227,231,225
-1.303,-1.767,-47.144,209,212,208
-1.3002,-1.813,-47.251,171,174,171
-1.2991,-1.7497,-47.201,210,213,208
-1.2952,-1.7735,-47.204,213,217,213
-1.7029,-1.4157,-47.62,174,166,148
-1.7022,-0.010545,-47.581,183,171,152
-1.7018,-0.017128,-47.567,178,166,144
-1.7016,0.010407,-47.575,163,148,127
-1.6982,-1.446,-47.613,188,185,169
-1.6976,-0.08057,-47.559,174,163,145
-1.6968,0.011159,-47.595,173,158,138
-1.6963,-0.038695,-47.587,173,162,143
-1.6963,-1.4355,-47.59,193,188,172
-1.6953,-1.4073,-47.591,185,177,160
-1.6941,-1.3755,-47.588,217,211,196
-1.6931,-1.3488,-47.57,220,213,201
-1.693,-1.4253,-47.585,182,174,158
-1.6927,-1.3914,-47.546,187,180,162
-1.6925,-0.002205,-47.522,156,145,127
-1.6919,-0.14072,-47.547,164,152,139
-1.6913,-0.13459,-47.556,169,158,144
-1.6906,-1.4292,-47.573,182,176,159
-1.6903,-0.14595,-47.553,175,164,147
-1.6902,-1.1691,-47.552,239,231,220
-1.6897,-1.4642,-47.596,167,166,152
-1.6896,-1.3701,-47.633,222,217,207
-1.6892,0.049159,-47.591,184,171,149
-1.6891,-0.52971,-47.654,204,195,178
-1.6889,-0.13451,-47.548,179,168,154
-1.6887,-0.067256,-47.526,188,177,159
-1.6886,-1.4475,-47.546,175,169,153
-1.6885,-0.10367,-47.582,174,163,147
-1.6885,-1.4362,-47.514,184,179,161
-1.6881,-1.4333,-47.647,205,202,190
-1.6867,-0.055179,-47.611,170,158,142
-1.6866,-1.3136,-47.614,237,232,222
-1.6865,-0.16663,-47.563,199,189,174
-1.686,-1.346,-47.533,196,191,176
-1.6859,-1.3754,-47.504,183,178,162
-1.6856,-1.2606,-47.562,222,216,206
-1.6853,-1.0746,-47.551,233,225,211
-1.6852,-0.57951,-47.633,226,216,205
-1.6851,0.057022,-47.545,151,140,120
-1.6848,-0.93891,-47.524,245,240,225
-1.6845,-1.1913,-47.599,228,220,207
-1.6835,-0.14964,-47.585,187,175,159
-1.6834,-0.49782,-47.649,221,214,202
-1.6829,0.070602,-47.591,219,209,191
-1.6827,-1.2989,-47.641,237,233,223
-1.6824,-1.133,-47.6,215,206,193
-1.6821,0.046216,-47.514,135,127,111
-1.6815,-0.58639,-47.557,245,238,225
-1.6802,-0.94899,-47.53,243,238,223
-1.6792,0.015271,-47.493,127,118,103
-1.6789,-0.043139,-47.492,189,179,161
-1.6787,-1.2105,-47.516,221,216,207
-1.6782,-0.93442,-47.542,242,236,222
-1.678,-0.21373,-47.553,232,222,207
-1.6767,-1.1337,-47.638,199,188,175
-1.6766,-0.99835,-47.536,230,222,208
-1.6762,0.08896,-47.617,235,226,207
-1.676,-0.59137,-47.527,246,240,227
-1.6759,-0.5219,-47.575,233,226,213
-1.6758,0.075262,-47.629,212,201,181
-1.6755,-0.25414,-47.573,247,239,226
-1.6752,-0.88665,-47.522,234,228,217
-1.6751,-0.2045,-47.595,219,209,194
-1.6747,-1.0498,-47.517,244,238,224
-1.6741,-0.62313,-47.669,226,219,208
-1.6741,-0.47069,-47.662,233,228,213
-1.6735,0.1141,-47.55,230,221,204
-1.6731,-0.13852,-47.625,185,175,159
-1.6727,-0.83588,-47.511,232,227,217
-1.6726,-0.66738,-47.559,246,240,227
-1.6725,0.00446,-47.651,177,165,143
-1.6718,-0.79227,-47.52,230,226,217
-1.6715,-0.83062,-47.562,245,239,227
-1.6707,-0.08066,-47.641,183,172,156
-1.6706,-1.4612,-47.481,149,147,133
-1.6704,-0.4592,-47.616,244,238,225
-1.6704,-0.054478,-47.479,205,195,179
-1.6698,-1.0592,-47.488,230,224,212
-1.6694,-0.6163,-47.521,236,231,220
-1.6692,0.14283,-47.574,206,197,179
-1.6691,-0.26271,-47.542,246,239,225
-1.669,-0.85123,-47.496,244,238,226
-1.6689,-1.4024,-47.476,150,146,132
-1.6685,-0.063797,-47.478,205,196,180
-1.6684,0.12426,-47.612,233,225,207
-1.6679,0.081541,-47.511,203,195,179
-1.6673,-1.1281,-47.491,227,220,208
-1.6672,-1.0317,-47.499,230,224,211
-1.6666,-0.57777,-47.701,198,191,177
-1.6658,-0.18176,-47.641,209,200,187
-1.6658,-0.5308,-47.7,210,204,191
-1.6657,-0.75218,-47.585,247,242,234
-1.6649,-0.099394,-47.485,205,197,180
-1.6646,-0.40926,-47.622,246,241,228
-1.6642,0.17865,-47.557,212,204,189
-1.6622,-0.94306,-47.498,220,216,204
-1.6619,-0.54574,-47.499,209,204,192
-1.6614,-0.068621,-47.47,179,170,156
-1.6608,-0.46118,-47.555,232,228,217
-1.6607,0.19763,-47.582,224,217,203
-1.6605,0.14789,-47.526,225,215,200
-1.6604,-0.049196,-47.457,156,146,131
-1.6601,-0.189,-47.502,204,196,181
-1.66,0.11524,-47.514,226,216,202
-1.6599,-0.003224,-47.451,185,177,159
-1.6598,-0.6941,-47.512,231,227,217
-1.6589,0.21805,-47.563,230,222,207
-1.6585,-0.73361,-47.507,210,206,196
-1.6584,-0.42169,-47.667,230,225,211
-1.6583,-0.80771,-47.625,245,240,234
-1.6582,-0.31183,-47.591,247,241,232
-1.6575,-0.41758,-47.571,248,243,234
-1.6568,0.042303,-47.473,136,130,118
-1.656,-0.081832,-47.463,166,157,143
-1.6558,0.087371,-47.684,184,175,158
-1.6557,-0.4788,-47.717,214,207,194
-1.6555,-0.37322,-47.587,247,242,233
-1.6552,-0.31376,-47.53,233,227,217
-1.6551,-0.39158,-47.635,247,243,234
-1.6544,-0.35778,-47.652,229,224,213
-1.6535,-0.26607,-47.514,227,220,207
-1.6534,0.1939,-47.534,231,224,207
-1.6527,-0.25836,-47.65,237,230,220
-1.6522,-0.61572,-47.711,207,201,191
-1.6515,-0.65508,-47.498,204,199,191
-1.6505,0.22436,-47.538,239,233,219
-1.6504,0.23,-47.607,236,229,216
-1.6502,-1.2945,-47.461,166,164,154
-1.6502,-0.75544,-47.653,248,245,239
-1.6485,-1.0583,-47.643,204,193,180
-1.6474,-0.90797,-47.627,228,220,207
-1.6471,0.298,-47.573,241,233,221
-1.647,-0.61132,-47.478,180,174,164
-1.6469,0.1756,-47.666,221,215,203
-1.6468,0.26387,-47.573,239,233,220
-1.6466,-0.075025,-47.441,131,122,110
-1.6453,-0.68051,-47.681,238,234,224
-1.6446,0.029181,-47.438,127,119,103
-1.6445,-0.037228,-47.703,178,166,147
-1.6444,-1.2228,-47.692,204,198,189
-1.6441,-0.45628,-47.484,185,182,169
-1.6428,-0.033619,-47.398,122,110,95
-1.6423,0.010374,-47.407,98,87,70
-1.6412,0.048621,-47.719,169,157,140
-1.6408,-0.20108,-47.684,228,220,208
-1.6399,0.001111,-47.363,136,126,108
-1.6394,0.14872,-47.508,216,211,195
-1.6391,0.009203,-47.719,165,152,131
-1.6372,-0.37605,-47.501,200,195,186
-1.637,-1.4279,-47.732,196,195,187
-1.6363,0.26825,-47.513,212,206,192
-1.6361,-0.012628,-47.333,177,168,149
-1.6352,-0.79746,-47.467,157,155,145
-1.6342,-0.4961,-47.4,120,112,103
-1.6334,0.19731,-47.512,209,203,191
-1.6332,-0.46945,-47.431,127,122,109
-1.6331,-0.03501,-47.35,148,139,126
-1.6322,-0.56421,-47.422,141,133,126
-1.632,-0.87299,-47.459,166,161,149
-1.6316,-0.13418,-47.436,154,147,136
-1.6302,-0.1269,-47.712,192,184,169
-1.6294,-0.27097,-47.473,162,156,145
-1.6293,-0.52603,-47.767,207,201,187
-1.6285,-0.0782,-47.389,135,127,113
-1.6283,0.25044,-47.687,215,211,201
-1.628,-1.0251,-47.457,202,195,184
-1.6273,0.088613,-47.473,156,150,139
-1.6259,0.12532,-47.492,182,177,163
-1.6251,0.033347,-47.353,147,136,116
-1.6222,-0.72595,-47.46,114,114,104
-1.6208,-0.21763,-47.728,214,207,195
-1.6208,-0.45891,-47.352,96,88,80
-1.6207,0.28459,-47.705,210,204,192
-1.6194,-0.94319,-47.442,177,169,157
-1.6184,0.12445,-47.749,178,173,158
-1.6167,-0.61738,-47.435,140,133,127
-1.6157,-0.58531,-47.776,184,177,161
-1.6148,0.20994,-47.741,216,213,203
-1.6144,0.25243,-47.727,214,210,201
-1.6142,-0.22575,-47.44,119,113,103
-1.6141,0.047359,-47.379,115,103,87
-1.613,-0.076053,-47.34,142,131,119
-1.611,-1.46,-47.411,121,118,108
-1.6089,-0.66545,-47.449,131,127,119
-1.605,-1.3564,-47.389,119,118,110
-1.6037,-0.3869,-47.397,131,125,111
-1.6017,-0.58974,-47.381,133,125,117
-1.5996,0.071746,-47.418,136,127,110
-1.5983,0.2894,-47.452,104,103,86
-1.5969,-0.1929,-47.399,142,134,124
-1.5962,-0.28781,-47.414,125,117,103
-1.5948,-0.40271,-47.771,186,179,165
-1.5941,-0.1476,-47.362,137,126,112
-1.5937,-1.0098,-47.772,190,183,172
-1.5916,-0.78009,-47.741,228,224,217
-1.5908,-0.23342,-47.403,127,119,105
-1.5872,0.24306,-47.787,199,195,181
-1.5859,0.29146,-47.784,194,191,177
-1.5831,0.1067,-47.449,127,116,100
-1.5828,0.1506,-47.463,103,96,85
-1.5827,0.18382,-47.812,176,171,156
-1.5814,0.076773,-47.376,139,128,105
-1.5808,-0.65439,-47.421,121,114,104
-1.5801,-0.74636,-47.411,119,115,103
-1.5788,0.11474,-47.821,144,138,121
-1.5774,-1.3877,-47.336,122,119,110
-1.5774,-0.69595,-47.416,121,115,103
-1.5763,0.013326,-47.809,138,129,111
-1.5745,-0.96896,-47.403,179,171,157
-1.5734,-1.2984,-47.337,164,161,152
-1.5733,0.23051,-47.445,102,97,85
-1.5733,-0.46523,-47.824,205,198,185
-1.5729,-0.8981,-47.401,157,148,133
-1.5722,-0.6473,-47.806,203,196,186
-1.5709,-0.63758,-47.389,132,124,111
-1.5705,-0.29858,-47.786,193,187,175
-1.5697,-0.22985,-47.355,179,169,155
-1.5684,0.10038,-47.423,145,132,112
-1.5672,-0.32172,-47.358,174,164,145
-1.5665,-0.81674,-47.393,189,180,162
-1.5649,-1.3502,-47.859,173,170,159
-1.5644,-1.1619,-47.366,190,185,174
-1.5636,-0.28504,-47.355,184,174,157
-1.5611,-0.68623,-47.81,219,214,206
-1.5581,0.10381,-47.388,160,147,126
-1.5563,-0.67236,-47.386,155,145,129
-1.5534,-0.6541,-47.364,144,133,119
-1.5529,0.14324,-47.449,60,49,39
-1.5526,-1.2184,-47.861,168,163,152
-1.5479,0.12739,-47.427,102,89,72
-1.5454,0.28519,-47.404,114,105,80
-1.5423,-0.74568,-47.368,165,156,142
-1.5415,-1.3446,-47.907,189,186,175
-1.5395,0.1564,-47.424,94,81,68
-1.5382,-0.51937,-47.867,195,189,173
-1.538,0.19065,-47.419,109,99,87
-1.5379,-0.68689,-47.347,168,156,141
-1.5359,-1.042,-47.36,173,169,156
-1.5348,0.12569,-47.403,137,121,101
-1.5337,0.12873,-47.367,188,173,148
-1.5334,0.2107,-47.41,136,125,111
-1.5327,-0.86257,-47.363,184,175,159
-1.5323,0.30826,-47.379,157,146,119
-1.532,0.13052,-47.414,117,99,80
-1.5286,0.1434,-47.396,152,135,117
-1.5281,0.24455,-47.382,178,165,143
-1.5277,0.15061,-47.338,211,199,176
-1.5268,-0.66262,-47.859,202,193,180
-1.5247,0.12073,-47.882,130,125,105
-1.5222,0.20664,-47.391,178,164,145
-1.5196,-0.9343,-47.355,179,171,156
-1.5193,0.18807,-47.365,191,177,157
-1.5182,-1.3938,-47.928,188,186,175
-1.5173,0.25134,-47.88,160,154,139
-1.5161,0.27608,-47.337,146,138,102
-1.516,0.22132,-47.362,214,200,177
-1.5157,-0.80468,-47.343,186,176,159
-1.5143,-0.34099,-47.891,163,153,138
-1.5137,-1.2608,-47.911,184,181,172
-1.5131,-0.8394,-47.345,180,172,156
-1.5063,-0.88324,-47.342,182,174,159
-1.5023,-0.91429,-47.339,179,171,156
-1.4988,-0.16061,-47.894,147,138,119
-1.6347,0.008613,-47.317,190,182,162
-1.6313,-0.51121,-47.255,104,94,86
-1.628,-0.48036,-47.23,96,86,78
-1.6275,-0.47392,-47.257,85,75,65
-1.6264,0.040596,-47.27,182,171,154
-1.6256,0.016449,-47.268,180,172,154
-1.6237,0.044733,-47.306,184,173,153
-1.6229,-0.50635,-47.325,102,94,86
-1.6213,-0.5181,-47.246,107,95,87
-1.6154,-0.43961,-47.283,92,83,76
-1.6151,-0.034813,-47.301,164,153,140
-1.6141,0.066782,-47.261,161,148,130
-1.6119,0.033294,-47.256,153,143,126
-1.6117,-0.53987,-47.282,107,96,87
-1.6107,-0.49197,-47.227,93,83,72
-1.6063,-0.46712,-47.223,83,74,64
-1.6037,-0.40986,-47.276,87,80,69
-1.6017,-0.43759,-47.241,83,76,64
-1.6014,0.064063,-47.257,125,116,96
-1.6012,-0.56376,-47.327,120,109,101
-1.5943,-0.40649,-47.313,108,101,89
-1.5942,0.083221,-47.268,119,108,92
-1.5931,0.079281,-47.308,151,139,117
-1.5827,-0.40195,-47.265,97,94,80
-1.5815,-0.00939,-47.254,141,130,111
-1.5774,-0.47487,-47.23,87,77,68
-1.5745,-0.54529,-47.256,107,95,85
-1.572,0.053188,-47.242,106,97,80
-1.5699,-0.60881,-47.328,130,120,109
-1.5664,-0.14096,-47.296,153,136,124
-1.5649,-0.18254,-47.322,163,148,131
-1.5615,-0.089502,-47.263,156,142,127
-1.5603,0.10857,-47.318,175,167,143
-1.5575,0.10404,-47.26,121,115,95
-1.5512,-0.1924,-47.299,193,180,163
-1.5494,-0.2197,-47.311,212,201,186
-1.5453,-0.25159,-47.311,227,215,201
-1.5448,-0.12865,-47.259,158,137,121
-1.5446,0.021376,-47.23,127,116,95
-1.54,-0.30192,-47.311,212,201,181
-1.54,-0.40535,-47.243,117,110,97
-1.5397,-0.33846,-47.303,213,206,189
-1.5367,-0.27619,-47.301,234,224,207
-1.5363,-0.35852,-47.273,179,174,159
-1.5311,0.14517,-47.285,187,181,159
-1.53,-0.038835,-46.981,163,148,127
-1.5296,-0.34372,-47.287,222,216,202
-1.5292,-0.026474,-47.23,167,154,138
-1.5273,-0.23169,-47.276,227,216,203
-1.5272,-0.00609,-46.908,113,102,86
-1.5271,-0.0733,-46.927,171,158,141
-1.5263,0.082153,-47.217,97,90,71
-1.5257,-0.65623,-47.293,157,144,127
-1.5247,-0.34133,-47.281,224,218,203
-1.5243,-0.037052,-46.872,132,125,105
-1.5241,-0.006371,-46.97,134,122,101
-1.5237,-1.4682,-47.273,127,125,117
-1.5231,-0.12698,-46.893,198,189,172
-1.5221,-0.11623,-46.978,194,184,164
-1.5221,-0.28052,-47.281,245,239,223
-1.5212,-0.062294,-47.013,168,155,136
-1.521,0.14535,-47.248,133,129,110
-1.5191,-0.1618,-47.246,190,176,160
-1.519,-0.11689,-46.833,185,175,157
-1.5188,-0.010832,-47.042,138,124,103
-1.518,-0.35728,-47.255,184,179,162
-1.5179,0.033235,-46.973,123,112,94
-1.5179,0.034043,-46.906,117,109,95
-1.5178,0.015535,-47.206,132,123,103
-1.5176,0.13045,-46.717,188,175,157
-1.5175,0.001606,-46.816,149,141,121
-1.5169,0.045401,-46.858,113,107,93
-1.5164,0.091147,-46.787,193,184,162
-1.5162,-1.3574,-47.247,161,158,148
-1.5161,-0.32769,-47.278,241,234,216
-1.5159,0.13667,-46.676,150,140,127
-1.5157,-0.34503,-47.261,204,200,186
-1.515,-0.50356,-47.227,114,104,94
-1.5149,0.079173,-46.689,124,119,111
-1.5145,-0.20047,-46.921,213,205,190
-1.5144,0.093416,-46.864,130,127,116
-1.5142,0.15758,-46.785,216,204,186
-1.5139,0.30104,-47.303,150,141,103
-1.5136,0.12885,-46.64,130,127,118
-1.5133,-0.094649,-47.239,184,170,156
-1.5126,-0.36073,-47.245,169,163,147
-1.5125,-0.041786,-47.066,147,135,117
-1.5119,0.027416,-47.03,141,128,109
-1.5116,-1.1042,-47.324,150,146,138
-1.5114,-0.30941,-47.269,235,229,210
-1.5113,0.24818,-47.316,206,195,170
-1.5111,0.16044,-46.674,174,165,148
-1.511,-0.74812,-47.324,196,185,168
-1.511,0.053645,-46.97,132,124,105
-1.5098,0.28437,-47.254,77,76,35
-1.5096,-0.34298,-47.261,209,203,188
-1.5095,0.19931,-47.281,224,212,190
-1.5095,-0.27663,-46.864,217,208,191
-1.5084,0.29658,-46.862,212,202,189
-1.5083,-0.14754,-47.026,194,187,169
-1.5083,0.098735,-46.941,178,172,159
-1.5081,0.19677,-46.887,227,218,205
-1.5078,-0.012578,-47.077,136,124,103
-1.5077,-0.054158,-47.219,163,152,138
-1.5065,0.083194,-46.625,149,147,141
-1.5053,0.24234,-47.271,181,171,141
-1.5052,-0.38322,-47.24,148,142,128
-1.505,-0.32766,-46.917,204,198,185
-1.5048,0.26054,-46.767,214,204,184
-1.5046,0.074277,-47.016,158,148,129
-1.5041,-0.11112,-47.235,170,157,144
-1.504,0.2348,-47.238,118,114,76
-1.5035,0.16333,-47.21,109,105,80
-1.5031,0.12708,-46.615,158,157,149
-1.5017,0.13912,-46.991,200,191,175
-1.5016,-0.095085,-47.23,157,146,136
-1.5013,0.24134,-47.188,74,75,38
-1.501,-0.72814,-47.297,217,206,190
-1.5009,0.30088,-46.985,187,180,160
-1.5006,-0.28512,-46.981,241,236,223
-1.5003,-0.10342,-47.217,161,149,137
-1.5001,-0.30829,-46.796,191,181,161
-1.4997,-0.81867,-47.329,193,186,170
-1.4995,0.2268,-47.125,88,91,55
-1.4989,-0.28578,-47.249,208,202,190
-1.4983,0.043801,-47.132,136,127,105
-1.4981,-0.23024,-47.033,219,214,200
-1.4969,-1.2516,-47.23,202,198,191
-1.4968,-0.34933,-46.983,215,211,201
-1.4967,0.17116,-47.169,76,75,46
-1.4967,-0.10533,-47.102,161,152,132
-1.4966,-0.39873,-46.871,156,149,132
-1.4965,-0.76002,-47.304,232,222,207
-1.4959,-0.34847,-47.241,177,172,157
-1.4954,-0.84336,-47.321,204,196,180
-1.495,-0.79597,-47.313,218,211,194
-1.4943,-0.95312,-47.328,183,175,158
-1.4676,-0.60843,-47.924,178,170,156
-1.4414,-0.11323,-47.979,118,107,87
-1.4343,-0.48445,-47.981,153,142,127
-1.4164,0.015757,-47.999,121,112,92
-1.4016,-0.1564,-48.016,132,124,103
-1.397,0.014612,-48.032,104,93,72
-1.2187,-0.2819,-48.195,127,116,97
-1.4938,-0.11809,-46.666,179,170,155
-1.4938,-0.71818,-47.269,207,199,186
-1.493,-0.35827,-47.236,158,153,140
-1.4921,-0.91191,-47.322,203,196,179
-1.4916,-0.95656,-47.029,216,210,196
-1.491,-0.95185,-46.999,222,216,204
-1.4903,-0.49084,-46.828,144,135,119
-1.4897,-0.3196,-47.045,210,206,194
-1.4878,-0.2491,-47.225,170,164,148
-1.4872,-0.4539,-47,123,118,108
-1.4872,-0.92231,-47.03,227,221,209
-1.487,-0.57094,-46.988,92,85,76
-1.4869,-1.0728,-47.301,161,154,143
-1.4868,-0.98864,-47.309,191,184,168
-1.4866,-0.79909,-47.296,244,238,223
-1.4864,-0.91324,-46.937,219,215,204
-1.4861,-0.54648,-46.923,100,93,80
-1.4854,-0.82298,-47.299,242,237,223
-1.4837,-0.81516,-47.296,248,243,228
-1.4833,0.083387,-46.584,195,190,178
-1.4832,-0.98089,-46.93,160,155,141
-1.4829,-1.4223,-47.162,197,192,179
-1.4829,-0.77951,-47.263,231,225,212
-1.4826,-1.4636,-47.176,198,192,176
-1.4825,-1.1459,-47.259,179,171,159
-1.4825,-0.3595,-46.648,176,169,154
-1.4824,-0.18336,-47.191,167,162,145
-1.482,-0.23108,-47.104,189,186,168
-1.4814,-0.80246,-46.972,199,195,187
-1.4811,-0.51698,-47.077,86,81,72
-1.4811,-0.44813,-46.703,171,161,143
-1.4805,-0.6297,-47.129,130,127,119
-1.4805,-0.6352,-46.896,132,127,113
-1.4802,-0.31326,-47.218,134,128,116
-1.4801,-1.0059,-47.031,172,165,153
-1.48,-0.13429,-47.152,181,176,158
-1.4797,-0.40943,-47.197,104,101,89
-1.4795,-0.86044,-46.885,217,211,201
-1.4791,-1.0005,-46.894,165,160,143
-1.4785,-0.83808,-47.26,217,212,202
-1.4785,-0.77527,-46.838,174,167,154
-1.4782,-0.9712,-47.083,189,181,170
-1.4779,-0.18031,-47.14,184,180,159
-1.4772,-0.25811,-46.594,185,178,161
-1.4768,-0.34626,-47.101,162,160,145
-1.4766,-0.4625,-47.104,103,99,88
-1.4742,-0.28487,-46.597,183,173,155
-1.4726,-0.24068,-47.158,193,191,175
-1.4725,-0.26999,-47.199,144,141,127
-1.4722,-0.88296,-47.125,179,178,171
-1.472,-0.93377,-47.276,234,228,210
-1.472,-0.31411,-47.201,127,123,110
-1.4716,-0.94667,-46.841,183,177,160
-1.471,-0.81995,-47.189,153,153,146
-1.4709,-0.35352,-47.162,144,142,129
-1.4707,-1.0504,-46.944,146,141,127
-1.4676,-0.38384,-46.59,176,171,157
-1.4655,-1.3399,-47.138,184,183,175
-1.4652,-0.91861,-47.227,214,209,197
-1.4644,-1.0014,-47.127,197,191,179
-1.4634,-0.98017,-47.252,221,214,201
-1.4629,-0.60693,-46.631,172,167,156
-1.4625,-1.0661,-47.231,166,155,143
-1.4592,-0.99368,-47.19,204,198,188
-1.4576,-0.96635,-47.228,238,232,219
-1.4552,-1.1377,-47.187,132,120,111
-1.4535,-1.1175,-47.094,148,139,129
-1.453,-0.057613,-46.35,215,207,194
-1.452,-1.2031,-47.151,166,158,152
-1.4502,-0.30945,-46.331,207,195,178
-1.45,-1.289,-47.12,200,199,194
-1.4479,-0.43841,-46.393,191,182,169
-1.4478,-1.0805,-46.712,198,194,180
-1.4452,-1.3155,-47.106,181,183,179
-1.4452,-1.1956,-46.929,170,164,154
-1.4449,-1.4012,-47.056,196,193,184
-1.4429,-1.2054,-47.099,150,145,140
-1.4425,-1.3321,-47.068,192,191,187
-1.4425,-1.2087,-47.023,191,184,175
-1.4408,-0.45445,-46.303,201,191,173
-1.4403,-0.7286,-46.285,202,194,177
-1.4393,-1.2501,-47.052,191,186,177
-1.4367,-0.79434,-46.396,194,187,171
-1.4364,-1.2846,-46.98,168,163,155
-1.4354,-1.3367,-46.968,161,157,148
-1.4326,-0.69828,-46.318,204,194,177
-1.4322,-0.66377,-46.356,201,191,175
-1.4314,-1.4364,-46.91,165,163,154
-1.4304,-1.2308,-46.451,208,204,192
-1.4284,-1.3231,-46.768,167,164,155
-1.4272,-1.0621,-46.293,216,210,200
-1.4235,-1.3978,-46.278,219,217,210
-1.4211,-1.289,-46.256,216,214,208
-1.6719,0.47953,-47.6,224,211,194
-1.6705,0.4633,-47.573,243,233,218
-1.6703,0.51959,-47.561,238,231,217
-1.6679,0.43194,-47.536,245,238,223
-1.6675,0.49447,-47.51,238,231,216
-1.6674,0.88119,-47.518,241,232,216
-1.6673,0.55015,-47.553,245,239,224
-1.6673,1.002,-47.511,230,219,200
-1.6669,0.54253,-47.522,241,234,221
-1.6663,0.53466,-47.492,236,230,213
-1.6659,0.95292,-47.516,212,200,178
-1.6629,0.42317,-47.492,225,219,206
-1.6629,0.38508,-47.584,245,236,223
-1.6628,0.79534,-47.553,246,238,223
-1.6617,0.37715,-47.544,245,238,224
-1.6603,1.0185,-47.504,236,226,207
-1.6581,0.89167,-47.482,218,208,191
-1.6576,0.85825,-47.563,245,237,222
-1.6576,0.3664,-47.492,222,217,204
-1.6575,0.42732,-47.625,224,210,195
-1.6572,0.84809,-47.545,244,237,222
-1.6571,0.8763,-47.579,243,233,213
-1.6563,0.47022,-47.47,202,196,181
-1.6553,0.89733,-47.6,226,212,192
-1.6551,0.49493,-47.629,206,196,179
-1.6549,0.8997,-47.631,170,154,136
-1.6545,0.32428,-47.529,244,237,223
-1.6542,0.43462,-47.462,183,178,162
-1.6534,0.56249,-47.586,232,224,208
-1.6531,0.91499,-47.578,217,204,186
-1.6526,0.86824,-47.559,245,236,221
-1.6515,0.93546,-47.464,186,175,158
-1.6505,0.36612,-47.628,231,219,206
-1.6494,0.88617,-47.645,184,168,147
-1.6494,0.82412,-47.495,226,217,204
-1.6488,0.99989,-47.48,199,190,173
-1.6481,0.88488,-47.623,220,206,186
-1.6479,0.32498,-47.491,215,210,194
-1.6473,0.37921,-47.463,162,156,142
-1.6464,0.92009,-47.637,171,155,138
-1.6455,0.836,-47.595,243,235,220
-1.6453,0.85552,-47.633,218,205,189
-1.6452,0.80043,-47.633,233,224,208
-1.6439,0.55388,-47.478,197,191,176
-1.6392,0.6549,-47.59,236,228,213
-1.6388,0.39293,-47.669,199,187,173
-1.6385,0.50829,-47.442,161,151,138
-1.6381,0.4519,-47.677,183,171,157
-1.6377,1.0194,-47.564,214,200,180
-1.6366,1.0236,-47.472,186,178,160
-1.6365,0.54527,-47.444,168,156,143
-1.6361,0.75001,-47.604,244,236,223
-1.6361,0.3142,-47.65,217,208,194
-1.636,0.54357,-47.443,163,151,139
-1.6358,0.52852,-47.44,165,154,141
-1.6348,0.7162,-47.499,207,200,190
-1.6344,0.98216,-47.612,181,165,143
-1.6327,0.44872,-47.443,164,156,142
-1.6317,0.31664,-47.469,160,156,141
-1.6258,0.87102,-47.441,167,158,143
-1.6257,0.50113,-47.434,168,158,143
-1.6251,1.0354,-47.507,197,188,171
-1.6209,0.78615,-47.452,156,149,137
-1.6208,0.38851,-47.438,145,138,124
-1.6199,0.9596,-47.436,133,124,110
-1.614,1.0119,-47.454,142,134,119
-1.6135,0.53512,-47.432,173,162,145
-1.6123,1.029,-47.631,172,152,131
-1.6066,0.33841,-47.44,125,121,103
-1.6056,0.51344,-47.711,198,191,175
-1.6052,0.70062,-47.693,219,211,195
-1.6043,0.40732,-47.427,156,150,136
-1.604,0.98819,-47.431,107,100,87
-1.6029,0.32513,-47.741,198,191,179
-1.6016,0.6172,-47.435,151,144,132
-1.5989,0.48314,-47.426,185,176,158
-1.5982,0.80794,-47.432,142,135,121
-1.5982,0.77166,-47.437,112,107,96
-1.5979,0.37923,-47.425,139,134,119
-1.5948,0.76729,-47.44,100,97,89
-1.5927,0.76194,-47.436,100,97,88
-1.5912,0.916,-47.416,127,117,103
-1.5907,0.4139,-47.749,186,178,164
-1.5898,0.40561,-47.42,157,152,138
-1.5895,0.60189,-47.71,218,210,192
-1.5846,0.78012,-47.43,120,116,108
-1.5842,0.42977,-47.42,176,168,152
-1.5791,0.97882,-47.418,115,103,88
-1.5782,0.39431,-47.414,151,145,129
-1.5781,0.73808,-47.419,132,127,118
-1.576,0.86164,-47.41,143,134,119
-1.5758,0.77066,-47.423,120,116,108
-1.5738,0.8002,-47.422,138,132,124
-1.5735,1.0771,-47.599,165,150,129
-1.5734,0.5556,-47.413,169,156,142
-1.5718,0.5006,-47.417,191,180,159
-1.5716,0.31309,-47.421,88,87,60
-1.568,1.5401,-47.445,156,145,124
-1.564,1.5543,-47.417,191,180,158
-1.5626,0.35246,-47.405,110,104,87
-1.5602,0.79854,-47.408,139,131,119
-1.5594,1.5088,-47.43,139,126,104
-1.5568,0.92087,-47.392,131,120,103
-1.5564,1.5103,-47.332,123,108,87
-1.5549,0.36304,-47.816,176,171,159
-1.5547,0.84129,-47.757,172,158,143
-1.5515,1.5736,-47.476,195,183,160
-1.5511,1.0588,-47.471,142,130,111
-1.5503,0.44452,-47.407,189,177,157
-1.5492,1.602,-47.383,226,214,191
-1.549,1.4533,-47.391,104,94,79
-1.5479,0.39752,-47.397,168,160,143
-1.5467,0.37444,-47.389,138,131,116
-1.5444,1.4837,-47.539,171,155,139
-1.5411,0.5094,-47.403,194,182,161
-1.5379,0.88487,-47.38,150,140,124
-1.5378,0.8461,-47.385,136,127,111
-1.537,0.58798,-47.381,188,178,160
-1.5369,1.0462,-47.741,134,120,101
-1.5346,1.4104,-47.496,126,113,103
-1.5311,1.6715,-47.512,187,174,152
-1.5297,0.5069,-47.835,178,171,155
-1.5295,0.91066,-47.809,142,131,116
-1.5295,1.5651,-47.609,169,155,137
-1.5279,1.6766,-47.415,210,197,175
-1.5266,1.3928,-47.383,110,98,87
-1.5259,1.6755,-47.532,158,145,127
-1.5252,0.42078,-47.386,170,160,137
-1.5249,0.37181,-47.35,148,141,119
-1.5228,1.4671,-47.711,129,120,103
-1.5226,0.54904,-47.379,201,191,173
-1.5223,0.72411,-47.347,201,191,175
-1.5217,0.51229,-47.385,200,189,169
-1.5208,0.46368,-47.39,190,176,154
-1.5203,0.79535,-47.346,197,189,173
-1.5175,0.39964,-47.347,167,156,127
-1.5173,0.54641,-47.361,208,195,175
-1.5169,1.7172,-47.342,206,193,172
-1.5164,1.5983,-47.672,107,97,80
-1.5164,1.3527,-47.562,116,108,103
-1.5163,1.7418,-47.517,178,164,143
-1.5159,0.97346,-47.355,167,155,139
-1.5159,1.5991,-47.672,116,104,87
-1.5157,1.7624,-47.483,189,175,154
-1.5157,0.87547,-47.346,181,172,154
-1.5157,1.0587,-47.408,139,126,109
-1.5156,1.3745,-47.336,124,110,100
-1.5153,0.55018,-47.349,209,196,176
-1.5148,0.52231,-47.367,209,197,176
-1.5137,1.7441,-47.388,206,193,172
-1.5135,1.3256,-47.488,127,113,102
-1.5134,1.1362,-47.691,141,131,111
-1.5131,0.53655,-47.354,204,190,171
-1.5121,0.43784,-47.376,188,174,146
-1.512,0.53043,-47.351,206,192,174
-1.5115,1.6998,-47.567,165,150,130
-1.5112,0.43212,-47.331,189,176,143
-1.5106,1.7547,-47.445,192,180,159
-1.5106,0.48057,-47.366,211,196,175
-1.5104,1.3685,-47.643,139,129,117
-1.5102,1.1089,-47.441,148,135,118
-1.509,1.3113,-47.572,121,110,101
-1.5086,1.799,-47.35,207,194,174
-1.5082,1.7719,-47.334,203,191,170
-1.5077,0.45632,-47.331,193,182,154
-1.5056,1.3178,-47.353,149,136,120
-1.5055,1.7918,-47.393,191,179,159
-1.5002,1.1733,-47.744,154,142,119
-1.4995,1.2096,-47.557,169,157,138
-1.498,1.0226,-47.334,197,187,170
-1.4979,1.3825,-47.749,145,135,119
-1.495,1.0824,-47.349,194,184,165
-1.5534,1.5467,-47.271,184,172,153
-1.5526,1.5647,-47.317,190,178,157
-1.5484,1.563,-47.25,193,183,164
-1.546,1.5525,-47.235,163,152,136
-1.544,1.5135,-47.267,114,101,84
-1.5421,1.4582,-47.325,100,90,76
-1.5252,1.6657,-47.276,188,176,156
-1.5251,1.5465,-47.187,130,120,103
-1.521,1.4139,-47.27,102,92,80
-1.5181,0.40812,-47.195,97,95,69
-1.5172,0.37728,-47.221,96,93,59
-1.5167,0.45381,-47.035,175,167,147
-1.5163,0.45013,-47.032,164,156,140
-1.5163,0.35944,-47.3,128,122,87
-1.5161,0.40617,-47.244,103,97,68
-1.5155,0.33115,-47.238,93,88,48
-1.5146,0.40309,-47.319,183,172,137
-1.5141,0.45286,-47.023,175,168,148
-1.5141,0.44479,-47.054,137,132,111
-1.5135,0.42357,-47.135,108,103,76
-1.5133,0.44437,-47.185,127,120,95
-1.5125,0.3434,-47.121,82,82,40
-1.5125,0.42518,-47.299,162,152,119
-1.5124,1.7549,-47.272,173,162,142
-1.5121,0.61169,-47.323,215,204,188
-1.5118,0.32484,-47.175,83,82,40
-1.5118,0.38246,-47.087,96,95,63
-1.5117,0.46341,-47.033,171,163,143
-1.5115,1.7371,-47.191,134,127,111
-1.5111,0.32366,-46.828,200,190,171
-1.5102,0.44214,-47.316,189,178,146
-1.51,0.33797,-46.844,198,189,173
-1.5095,0.43531,-47.03,144,138,119
-1.5091,1.8218,-47.258,182,172,154
-1.5088,0.46793,-47.229,153,143,119
-1.5084,0.76912,-47.329,222,211,194
-1.5071,0.31889,-47.101,92,92,55
-1.5071,0.51262,-47.324,206,195,174
-1.5069,0.35131,-47.049,116,112,86
-1.5068,0.46968,-47.289,174,164,140
-1.5065,0.34534,-46.879,214,204,191
-1.5062,0.46928,-47.316,193,185,159
-1.5059,0.77958,-47.32,234,225,209
-1.505,1.7955,-47.149,121,119,109
-1.505,1.7953,-47.188,115,109,96
-1.5047,0.35688,-46.82,210,199,179
-1.5047,1.8538,-47.217,153,147,136
-1.5046,0.4922,-47.258,163,152,129
-1.5045,0.46923,-47.012,167,156,140
-1.5038,1.8433,-47.199,121,117,104
-1.5037,0.50392,-47.288,186,176,154
-1.5035,0.50697,-47.04,166,157,140
-1.5029,0.74798,-47.285,225,215,203
-1.5027,1.8402,-47.272,189,180,163
-1.5024,0.39032,-47.017,146,139,119
-1.5023,0.56962,-47.247,182,171,149
-1.5015,0.55627,-47.127,156,145,126
-1.4998,1.5817,-46.981,124,117,103
-1.4998,1.697,-47.061,126,119,104
-1.4984,0.89045,-47.277,219,211,195
-1.4979,0.38483,-46.867,221,211,195
-1.4964,0.43381,-46.995,153,144,127
-1.4962,1.5648,-47.013,127,117,103
-1.4954,1.6852,-46.942,136,129,112
-1.495,0.98656,-47.315,210,202,186
-1.4943,0.40718,-46.975,185,176,159
-1.4942,0.45778,-46.983,151,142,125
-1.4922,1.1412,-47.369,201,189,173
-1.4922,1.1562,-47.418,193,180,161
-1.4901,1.1971,-47.411,227,214,195
-1.4896,1.2327,-47.342,217,207,191
-1.4867,1.2606,-47.781,155,143,126
-1.4865,1.211,-47.377,235,225,207
-1.4799,1.2376,-47.717,155,146,127
-1.4783,1.204,-47.675,154,148,127
-1.4716,1.1926,-47.715,152,144,124
-1.4565,1.4153,-47.783,132,122,104
-1.2551,0.3833,-48.142,146,137,118
-1.4931,0.44533,-46.785,211,200,181
-1.4918,0.48528,-46.976,155,145,127
-1.4918,1.2733,-47.102,142,132,118
-1.4915,1.6356,-46.962,121,112,96
-1.4914,0.96993,-47.291,227,219,204
-1.4912,0.5195,-46.97,182,174,157
-1.4911,1.0101,-47.3,228,219,204
-1.4906,1.0829,-47.303,232,224,208
-1.4899,0.44838,-46.962,177,168,149
-1.4897,0.82747,-47.087,188,180,164
-1.4896,1.0638,-47.294,237,230,213
-1.4885,1.1065,-47.262,220,213,200
-1.4885,1.1877,-47.325,217,207,191
-1.4882,0.44274,-46.901,208,199,185
-1.4882,0.57703,-46.962,199,192,176
-1.4876,0.68406,-46.956,190,183,170
-1.4875,1.2255,-47.33,242,232,217
-1.4872,1.2334,-47.271,208,198,181
-1.4868,1.0477,-47.273,244,237,223
-1.4868,1.0136,-47.226,222,215,202
-1.4861,0.49002,-46.937,174,165,147
-1.486,0.99803,-47.274,242,236,221
-1.4858,0.63144,-46.906,192,185,172
-1.4854,0.8209,-46.923,195,190,176
-1.4848,1.5209,-46.889,117,107,92
-1.484,0.57754,-46.855,187,177,160
-1.4837,1.7064,-46.971,123,117,103
-1.4833,1.2508,-46.786,172,160,136
-1.4829,1.332,-46.734,129,116,94
-1.4827,1.7599,-47.259,157,149,133
-1.4825,0.53479,-46.921,184,176,159
-1.4802,1.268,-46.702,188,175,149
-1.4792,1.279,-46.679,161,146,125
-1.4781,0.36921,-46.501,221,217,209
-1.4781,1.3789,-46.754,144,130,103
-1.4766,0.45858,-46.482,198,194,188
-1.476,0.90569,-46.733,172,164,149
-1.4667,0.44885,-46.44,212,209,202
